285.749999740504	-57.4001610884119	-0.184779882158644
285.799999479966	-57.4003225001838	-0.185148724529206
285.849999218392	-57.4004842323437	-0.185514161201872
285.899998955791	-57.4006462819196	-0.185876192176641
285.949998692169	-57.4008086459394	-0.186234817453513
285.999998427536	-57.4009713214312	-0.186590037032487
286.049998161897	-57.4011343054229	-0.186941850913565
286.099997895261	-57.4012975949425	-0.187290259096745
286.149997627637	-57.4014611870179	-0.187635261582028
286.199997359031	-57.4016250786772	-0.187976858369414
286.249997089453	-57.4017892669483	-0.188315049458903
286.299996818909	-57.4019537488592	-0.188649834850495
286.349996547408	-57.4021185214378	-0.188981214544189
286.399996274958	-57.4022835817123	-0.189309188539987
286.449996001568	-57.4024489267104	-0.189633756837887
286.499995727245	-57.4026145534603	-0.189954919437891
286.549995451998	-57.4027804589899	-0.190272676339997
286.599995175834	-57.4029466403271	-0.190587027544206
286.649994898764	-57.4031130945		-0.190897973050518
286.699994620794	-57.4032798185365	-0.191205512858933
286.749994341933	-57.4034468094646	-0.19150964696945
286.799994062191	-57.4036140643124	-0.191810375382071
286.849993781574	-57.4037815801076	-0.192107698096794
286.899993500093	-57.4039493538785	-0.192401615113621
286.949993217756	-57.4041173826528	-0.19269212643255
286.99999293457		-57.4042856634587	-0.192979232053582
287.049992650546	-57.4044541933241	-0.193262931976717
287.099992365692	-57.4046229692769	-0.193543226201955
287.149992080017	-57.4047919883452	-0.193820114729295
287.199991793529	-57.4049612475569	-0.194093597558739
287.249991506238	-57.4051307439401	-0.194363674690285
287.299991218153	-57.4053004745226	-0.194630346123935
287.349990929282	-57.4054704363325	-0.194893611859687
287.399990639634	-57.4056406263978	-0.195153471897542
287.449990349219	-57.4058110417464	-0.1954099262375
287.499990058046	-57.4059816794063	-0.195662974879561
287.549989766124	-57.4061525364056	-0.195912617823724
287.599989473462	-57.4063236097721	-0.196158855069991
287.64998918007		-57.4064948965339	-0.19640168661836
287.699988885956	-57.4066663937189	-0.196641112468833
287.74998859113		-57.4068380983552	-0.196877132621408
287.799988295602	-57.4070100074707	-0.197109747076086
287.849987999381	-57.4071821180933	-0.197338955832867
287.899987702475	-57.4073544272512	-0.197564758891751
287.949987404895	-57.4075269319722	-0.197787156252737
287.999987106651	-57.4076996292844	-0.198006147915827
288.049986807751	-57.4078725162157	-0.198221733881019
288.099986508206	-57.4080455897941	-0.198433914148315
288.149986208024	-57.4082188470476	-0.198642688717713
288.199985907216	-57.4083922850042	-0.198848057589214
288.249985605791	-57.4085659006919	-0.199050020762818
288.299985303759	-57.4087396911386	-0.199248578238525
288.349985001129	-57.4089136533723	-0.199443730016335
288.399984697912	-57.409087784421	-0.199635476096247
288.449984394117	-57.4092620813128	-0.199823816478263
288.499984089754	-57.4094365410755	-0.200008751162381
288.549983784833	-57.4096111607372	-0.200190280148602
288.599983479363	-57.4097859373258	-0.200368403436926
288.649983173355	-57.4099608678694	-0.200543121027353
288.699982866819	-57.4101359493959	-0.200714432919883
288.749982559764	-57.4103111789333	-0.200882339114516
288.799982252201	-57.4104865535096	-0.201046839611252
288.849981944139	-57.4106620701528	-0.20120793441009
288.899981635588	-57.4108377258908	-0.201365623511032
288.94998132656		-57.4110135177517	-0.201519906914076
288.999981017063	-57.4111894427634	-0.201670784619223
289.049980707107	-57.4113654979539	-0.201818256626473
289.099980396704	-57.4115416803512	-0.201962322935826
289.149980085863	-57.4117179869833	-0.202102983547282
289.199979774594	-57.4118944148781	-0.20224023846084
289.249979462907	-57.4120709610638	-0.202374087676502
289.299979150813	-57.4122476225681	-0.202504531194266
289.349978838322	-57.4124243964192	-0.202631569014133
289.399978525445	-57.412601279645	-0.202755201136103
289.44997821219		-57.4127782692735	-0.202875427560176
289.49997789857		-57.4129553623327	-0.202992248286352
289.549977584593	-57.4131325558505	-0.203105663314631
289.599977270271	-57.413309846855	-0.203215672645013
289.649976955614	-57.4134872323741	-0.203322276277497
289.699976640632	-57.4136647094359	-0.203425474212085
289.749976325336	-57.4138422750683	-0.203525266448775
289.799976009735	-57.4140199262993	-0.203621652987568
289.849975693841	-57.4141976601568	-0.203714633828464
289.899975377663	-57.414375473669	-0.203804208971463
289.949975061213	-57.4145533638637	-0.203890378416565
289.9999747445		-57.4147313277689	-0.20397314216377
290.049974427536	-57.4149093624127	-0.204052500213077
290.09997411033		-57.4150874648229	-0.204128452564488
290.149973792894	-57.4152656320277	-0.204200999218001
290.199973475237	-57.415443861055	-0.204270140173617
290.24997315737		-57.4156221489327	-0.204335875431336
290.299972839304	-57.415800492689	-0.204398204991158
290.34997252105		-57.4159788893516	-0.204457128853083
290.399972202617	-57.4161573359487	-0.20451264701711
290.449971884016	-57.4163358295082	-0.204564759483241
290.499971565259	-57.4165143670582	-0.204613466251474
290.549971246355	-57.4166929456265	-0.204658767321811
290.599970927315	-57.4168715622412	-0.20470066269425
290.649970608149	-57.4170502139303	-0.204739152368792
290.699970288869	-57.4172288977217	-0.204774236345437
290.749969969485	-57.4174076106435	-0.204805914624185
290.799969650008	-57.4175863497236	-0.204834187205035
290.849969330447	-57.41776511199		-0.204859054087989
290.899969010814	-57.4179438944708	-0.204880515273045
290.94996869112		-57.4181226941938	-0.204898570760205
290.999968371374	-57.4183015081871	-0.204913220549467
291.049968051589	-57.4184803334786	-0.204924464640832
291.099967731773	-57.4186591670965	-0.2049323030343
291.149967411938	-57.4188380060685	-0.204936735729871
291.199967092095	-57.4190168474228	-0.204937762727544
291.249966772254	-57.4191956881873	-0.204935384027321
291.299966452425	-57.41937452539		-0.2049295996292
291.34996613262		-57.4195533560588	-0.204920409533183
291.399965812849	-57.4197321772219	-0.204907813739268
291.449965493122	-57.4199109859071	-0.204891812247456
291.499965173451	-57.4200897791425	-0.204872405057747
291.549964853846	-57.4202685539559	-0.204849592170141
291.599964534317	-57.4204473073756	-0.204823373584638
291.649964214875	-57.4206260364293	-0.204793749301237
291.699963895531	-57.4208047381451	-0.20476071931994
291.749963576295	-57.420983409551	-0.204724283640745
291.799963257179	-57.4211620476749	-0.204684442263653
291.849962938191	-57.421340649545	-0.204641195188664
291.899962619344	-57.421519212189	-0.204594542415778
291.949962300648	-57.4216977326351	-0.204544483944995
291.999961982112	-57.4218762079112	-0.204491019776315
292.049961663749	-57.4220546350453	-0.204434149909738
292.099961345568	-57.4222330110654	-0.204373874345263
292.14996102758		-57.4224113329995	-0.204310193082891
292.199960709795	-57.4225895978755	-0.204243106122623
292.249960392224	-57.4227678027215	-0.204172613464457
292.299960074878	-57.4229459445654	-0.204098715108394
292.349959757767	-57.4231240204352	-0.204021411054434
292.399959440901	-57.423302027359	-0.203940701302576
292.449959124292	-57.4234799623646	-0.203856585852822
292.499958807948	-57.4236578224801	-0.203769064705171
292.549958491882	-57.4238356047335	-0.203678137859622
292.599958176103	-57.4240133061527	-0.203583805316176
292.649957860622	-57.4241909237658	-0.203486067074833
292.699957545449	-57.4243684546007	-0.203384923135593
292.749957230595	-57.4245458956854	-0.203280373498456
292.799956916069	-57.4247232440479	-0.203172418163422
292.849956601883	-57.4249004967162	-0.203061057130491
292.899956288047	-57.4250776507183	-0.202946290399662
292.94995597457		-57.4252547030821	-0.202828117970936
292.999955661464	-57.4254316508356	-0.202706539844314
293.049955348739	-57.4256084910069	-0.202581556019794
293.099955036404	-57.4257852206239	-0.202453166497377
293.149954724471	-57.4259618367146	-0.202321371277063
293.199954412949	-57.426138336307	-0.202186170358852
293.249954101848	-57.426314716429	-0.202047563742743
293.29995379118		-57.4264909741087	-0.201905551428738
293.349953480953	-57.4266671063741	-0.201760133416835
293.399953171178	-57.4268431102531	-0.201611309707035
293.449952861866	-57.4270189827736	-0.201459080299339
293.499952553026	-57.4271947209638	-0.201303445193745
293.549952244668	-57.4273703218516	-0.201144404390254
293.599951936803	-57.4275457824649	-0.200981957888865
293.64995162944		-57.4277210998317	-0.20081610568958
293.69995132259		-57.4278962709801	-0.200646847792398
293.749951016262	-57.4280712929381	-0.200474184197318
293.799950710467	-57.4282461627335	-0.200298114904341
293.849950405214	-57.4284208773944	-0.200118639913467
293.899950100513	-57.4285954339488	-0.199935759224696
293.949949796374	-57.4287698294246	-0.199749472838028
293.999949492807	-57.4289440608499	-0.199559780753463
294.049949189822	-57.4291181252526	-0.199366682971001
294.099948887428	-57.4292920196607	-0.199170179490641
294.149948585636	-57.4294657411023	-0.198970270312385
294.199948284455	-57.4296392866051	-0.198766955436231
294.249947983894	-57.4298126531974	-0.19856023486218
294.299947683964	-57.429985837907	-0.198350108590232
294.349947384673	-57.4301588377619	-0.198136576620387
294.399947086032	-57.4303316497901	-0.197919638952645
294.449946788051	-57.4305042710197	-0.197699295587006
294.499946490737	-57.4306766984785	-0.197475546523469
294.549946194102	-57.4308489291945	-0.197248391762036
294.599945898155	-57.4310209601958	-0.197017831302705
294.649945602904	-57.4311927885103	-0.196783865145477
294.69994530836		-57.4313644111661	-0.196546493290353
294.749945014531	-57.431535825191	-0.19630571573733
294.799944721428	-57.4317070276131	-0.196061532486411
294.849944429058	-57.4318780154603	-0.195813943537595
294.899944137433	-57.4320487857607	-0.195562948890882
294.949943846559	-57.4322193355422	-0.195308548546271
294.999943556448	-57.4323896618329	-0.195050742503763
295.049943267108	-57.4325597616605	-0.194789530763359
295.099942978547	-57.4327296320533	-0.194524913325057
295.149942690776	-57.4328992700391	-0.194256890188858
295.199942403803	-57.4330686726459	-0.193985461354761
295.249942117636	-57.4332378369018	-0.193710626822768
295.299941832286	-57.4334067598346	-0.193432386592878
295.34994154776		-57.4335754384724	-0.19315074066509
295.399941264068	-57.4337438698431	-0.192865689039406
295.449940981218	-57.4339120509748	-0.192577231715824
295.49994069922		-57.4340799788954	-0.192285368694345
295.549940418081	-57.4342476506329	-0.191990099974969
295.59994013781		-57.4344150632152	-0.191691425557696
295.649939858416	-57.4345822136704	-0.191389345442526
295.699939579908	-57.4347490990265	-0.191083859629458
295.749939302294	-57.4349157163113	-0.190774968118494
295.799939025583	-57.435082062553	-0.190462670909632
295.849938749782	-57.4352481347794	-0.190146968002873
295.899938474901	-57.4354139300185	-0.189827859398218
295.949938200947	-57.4355794452984	-0.189505345095664
295.999937927929	-57.435744677647	-0.189179425095214
296.049937655855	-57.4359096240923	-0.188850099396867
296.099937384733	-57.4360742816623	-0.188517368000623
296.149937114571	-57.4362386473849	-0.188181230906481
296.199936845378	-57.4364027182881	-0.187841688114443
296.24993657716		-57.4365664913999	-0.187498739624507
296.299936309928	-57.4367299637483	-0.187152385436674
296.349936043687	-57.4368931323613	-0.186802625550944
296.399935778446	-57.4370559942668	-0.186449459967317
296.449935514213	-57.4372185464928	-0.186092888685793
296.499935250995	-57.4373807860673	-0.185732911706371
296.549934988801	-57.4375427100182	-0.185369529029053
296.599934727637	-57.4377043153736	-0.185002740653837
296.649934467512	-57.4378655991614	-0.184632546580725
296.699934208432	-57.4380265584096	-0.184258946809715
296.749933950406	-57.4381871901462	-0.183881941340808
296.79993369344		-57.4383474913992	-0.183501530174004
296.849933437543	-57.4385074591964	-0.183117713309303
296.89993318272		-57.438667090566	-0.182730490746704
296.94993292898		-57.4388263825359	-0.182339862486209
296.99993267633		-57.4389853321339	-0.181945828527816
297.049932424776	-57.4391439363883	-0.181548388871526
297.099932174326	-57.4393021923268	-0.18114754351734
297.149931924986	-57.4394600969775	-0.180743292465256
297.199931676764	-57.4396176473684	-0.180335635715275
297.249931429667	-57.4397748405274	-0.179924573267396
297.2999311837		-57.4399316734824	-0.179510105121621
297.349930938871	-57.4400881432616	-0.179092231277949
297.399930695187	-57.4402442468928	-0.178670951736379
297.449930452654	-57.4403999814041	-0.178246266496912
297.499930211279	-57.4405553438233	-0.177818175559549
297.549929971067	-57.4407103311785	-0.177386678924288
297.599929732026	-57.4408649404977	-0.17695177659113
297.649929494162	-57.4410191688088	-0.176513468560074
297.69992925748		-57.4411730131398	-0.176071754831122
297.749929021988	-57.4413264705186	-0.175626635404273
297.799928787691	-57.4414795379733	-0.175178110279526
297.849928554595	-57.4416322125318	-0.174726179456882
297.899928322706	-57.441784491222	-0.174270842936342
297.949928092031	-57.441936371072	-0.173812100717904
297.999927862574	-57.4420878491098	-0.173349952801569
298.049927634342	-57.4422389223632	-0.172884399187337
298.09992740734		-57.4423895878603	-0.172415439875207
298.149927181575	-57.4425398426291	-0.171943074865181
298.199926957051	-57.4426896836975	-0.171467304157257
298.249926733774	-57.4428391080934	-0.170988127751437
298.299926511749	-57.4429881128449	-0.170505545647719
298.349926290982	-57.44313669498		-0.170019557846104
298.399926071477	-57.4432848515265	-0.169530164346592
298.449925853241	-57.4434325795125	-0.169037365149183
298.499925636278	-57.4435798759659	-0.168541160253877
298.549925420593	-57.4437267379147	-0.168041549660673
298.599925206191	-57.4438731623869	-0.167538533369573
298.649924993077	-57.4440191464105	-0.167032111380575
298.699924781256	-57.4441646870133	-0.16652228369368
298.749924570732	-57.4443097812235	-0.166009050308888
298.79992436151		-57.4444544260689	-0.165492411226199
298.849924153595	-57.4445986185775	-0.164972366445613
298.89992394699		-57.4447423557773	-0.16444891596713
298.949923741701	-57.4448856346962	-0.16392205979075
298.999923537732	-57.4450284523623	-0.163391797916472
299.049923335086	-57.4451708058035	-0.162858130344298
299.099923133769	-57.4453126920477	-0.162321057074226
299.149922933783	-57.4454541081229	-0.161780578106257
299.199922735133	-57.4455950510572	-0.161236693440391
299.249922537823	-57.4457355178784	-0.160689403076628
299.299922341857	-57.4458755056145	-0.160138707014968
299.349922147238	-57.4460150112936	-0.15958460525541
299.39992195397		-57.4461540319435	-0.159027097797956
299.449921762057	-57.4462925645922	-0.158466184642604
299.499921571501	-57.4464306062677	-0.157901865789355
299.549921382307	-57.4465681539979	-0.15733414123821
299.599921194477	-57.4467052048109	-0.156763010989167
299.649921008015	-57.4468417557346	-0.156188475042226
299.699920822924	-57.4469778037969	-0.155610533397389
299.749920639206	-57.4471133460259	-0.155029186054655
299.799920456865	-57.4472483794494	-0.154444433014023
299.849920275904	-57.4473829010955	-0.153856274275495
299.899920096325	-57.4475169079921	-0.153264709839069
299.949919918131	-57.4476503971672	-0.152669739704746
299.999919741324	-57.4477833656488	-0.152071363872526
300.049919565907	-57.4479158104647	-0.151469582342409
300.099919391883	-57.448047728643	-0.150864395114395
300.149919219253	-57.4481791172116	-0.150255802188484
300.199919048019	-57.4483099731986	-0.149643803564675
300.249918878184	-57.4484402936318	-0.14902839924297
300.299918709751	-57.4485700755392	-0.148409589223367
300.349918542719	-57.4486993159488	-0.147787373505867
300.399918377092	-57.4488280118885	-0.14716175209047
300.449918212871	-57.4489561603864	-0.146532724977176
300.499918050058	-57.4490837584703	-0.145900292165985
300.549917888654	-57.4492108031683	-0.145264453656897
300.59991772866		-57.4493372915083	-0.144625209449911
300.649917570079	-57.4494632205182	-0.143982559545029
300.69991741291		-57.4495885872261	-0.143336503942249
300.749917257156	-57.4497133886598	-0.142687042641572
300.799917102816	-57.4498376218474	-0.142034175642998
300.849916949893	-57.4499612838168	-0.141377902946527
300.899916798386	-57.4500843715959	-0.140718224552159
300.949916648297	-57.4502068822128	-0.140055140459894
300.999916499626	-57.4503288126953	-0.139388650669731
301.049916352374	-57.4504501600715	-0.138718755181672
301.099916206541	-57.4505709213693	-0.138045453995715
301.149916062127	-57.4506910936167	-0.137368747111861
301.199915919132	-57.4508106738416	-0.13668863453011
301.249915777556	-57.450929659072	-0.136005116250462
301.2999156374		-57.4510480463358	-0.135318192272917
301.349915498664	-57.451165832661	-0.134627862597475
301.399915361346	-57.4512830150756	-0.133934127224135
301.449915225447	-57.4513995906076	-0.133236986152899
301.499915090966	-57.4515155562848	-0.132536439383765
301.549914957903	-57.4516309091352	-0.131832486916734
301.599914826256	-57.4517456461868	-0.131125128751807
301.649914696026	-57.4518597644676	-0.130414364888982
301.699914567211	-57.4519732610055	-0.129700195328259
301.74991443981		-57.4520861328285	-0.12898262006964
301.799914313822	-57.4521983769645	-0.128261639113124
301.849914189246	-57.4523099904415	-0.12753725245871
301.89991406608		-57.4524209702875	-0.1268094601064
301.949913944323	-57.4525313135303	-0.126078262056192
301.999913823974	-57.452641017198	-0.125343658308087
302.04991370503		-57.4527500783185	-0.124605648862085
302.09991358749		-57.4528584939198	-0.123864233718186
302.149913471352	-57.4529662610298	-0.12311941287639
302.199913356614	-57.4530733766765	-0.122371186336696
302.249913243274	-57.4531798378879	-0.121619554099106
302.299913131329	-57.4532856416918	-0.120864516163618
302.349913020777	-57.4533907851163	-0.120106072530233
302.399912911616	-57.4534952651894	-0.119344223198951
302.449912803842	-57.4535990789389	-0.118578968169772
302.499912697454	-57.4537022233928	-0.117810307442696
302.549912592448	-57.453804695579	-0.117038241017723
302.599912488821	-57.4539064925257	-0.116262768894853
302.649912386571	-57.4540076112606	-0.115483891074085
302.699912285693	-57.4541080488117	-0.114701607555421
302.749912186185	-57.4542078022071	-0.113915918338859
302.799912088044	-57.4543068684746	-0.1131268234244
302.849911991264	-57.4544052446422	-0.112334322812044
302.899911895844	-57.4545029277379	-0.111538416501791
302.949911801779	-57.4545999147896	-0.110739104493641
302.999911709064	-57.4546962028253	-0.109936386787593
303.049911617697	-57.4547917888729	-0.109130263383649
303.099911527672	-57.4548866699604	-0.108320734281807
303.149911438986	-57.4549808431158	-0.107507799482069
303.199911351633	-57.4550743053669	-0.106691458984433
303.24991126561	-57.4551670537418	-0.1058717127889
303.299911180912	-57.4552590852684	-0.10504856089547
303.349911097533	-57.4553503969746	-0.104222003304143
303.399911015469	-57.4554409858884	-0.103392040014918
303.449910934715	-57.4555308490378	-0.102558671027797
303.499910855265	-57.4556199834508	-0.101721896342778
303.549910777114	-57.4557083861552	-0.100881715959862
303.599910700256	-57.455796054179	-0.10003812987905
303.649910624687	-57.4558829845502	-0.0991911381003397
303.6999105504	-57.4559691742967	-0.0983407406237326
303.749910477389	-57.4560546204465	-0.0974869374492284
303.799910405648	-57.4561393200275	-0.0966297285768271
303.849910335172	-57.4562232700677	-0.0957691140065287
303.899910265953	-57.4563064675951	-0.0949050937383331
303.949910197985	-57.4563889096376	-0.0940376677722404
303.999910131263	-57.4564705932231	-0.0931668361082506
304.049910065778	-57.4565515153796	-0.0922925987463637
304.099910001525	-57.4566316731351	-0.0914149556865796
304.149909938496	-57.4567110635175	-0.0905339069288985
304.199909876685	-57.4567896835547	-0.0896494524733202
304.249909816083	-57.4568675302748	-0.0887615923198447
304.299909756684	-57.4569446007056	-0.0878703264684721
304.34990969848	-57.4570208918751	-0.0869756549192025
304.399909641463	-57.4570964008113	-0.0860775776720357
304.449909585626	-57.4571711245422	-0.0851760947269718
304.499909530961	-57.4572450600956	-0.0842712060840108
304.54990947746	-57.4573182044996	-0.0833629117431526
304.599909425113	-57.457390554782	-0.0824512117043973
304.649909373914	-57.4574621079709	-0.0815361059677449
304.699909323854	-57.4575328610941	-0.0806175945331954
304.749909274923	-57.4576028111797	-0.0796956774007487
304.799909227113	-57.4576719552556	-0.0787703545704049
304.849909180416	-57.4577402903497	-0.0778416260421641
304.899909134822	-57.4578078134901	-0.076909491816026
304.949909090321	-57.4578745217046	-0.0759739518919909
304.999909046905	-57.4579404120212	-0.0750350062700586
305.049909004564	-57.4580054814678	-0.0740926549502293
305.099908963289	-57.4580697270725	-0.0731468979325027
305.149908923069	-57.4581331458631	-0.0721977352168791
305.199908883894	-57.4581957348677	-0.0712451668033583
305.249908845755	-57.4582574911141	-0.0702891926919404
305.299908808642	-57.4583184116303	-0.0693298128826254
305.349908772543	-57.4583784934443	-0.0683670273754134
305.399908737448	-57.4584377335841	-0.067400836170304
305.449908703347	-57.4584961290775	-0.0664312392672977
305.499908670229	-57.4585536769525	-0.0654582366663941
305.549908638083	-57.4586103742372	-0.0644818283675936
305.599908606897	-57.4586662179594	-0.0635020143708958
305.64990857666	-57.4587212051471	-0.062518794676301
305.699908547362	-57.4587753328282	-0.0615321692838089
305.749908518989	-57.4588285980307	-0.0605421381934198
305.799908491531	-57.4588809977826	-0.0595487014051335
305.849908464976	-57.4589325291118	-0.0585518589189502
305.899908439311	-57.4589831890463	-0.0575516107348697
305.949908414524	-57.4590329746139	-0.0565479568528921
305.999908390603	-57.4590818828428	-0.0555408972730173
306.049908367536	-57.4591299107608	-0.0545304319952455
306.099908345309	-57.4591770553958	-0.0535165610195766
306.14990832391	-57.4592233137759	-0.0524992843460104
306.199908303326	-57.459268682929	-0.0514786019745472
306.249908283543	-57.459313159883	-0.0504545139051868
306.299908264549	-57.459356741666	-0.0494270201379294
306.349908246329	-57.4593994253057	-0.0483961206727748
306.399908228871	-57.4594412078303	-0.0473618155097231
306.44990821216	-57.4594820862677	-0.0463241046487742
306.499908196182	-57.4595220576458	-0.0452829880899283
306.549908180923	-57.4595611189925	-0.0442384658331852
306.59990816637	-57.4595992673359	-0.0431905378785449
306.649908152506	-57.4596364997038	-0.0421392042260077
306.699908139319	-57.4596728131244	-0.0410844648755733
306.749908126793	-57.4597082046254	-0.0400263198272416
306.799908114912	-57.4597426712348	-0.0389647690810129
306.849908103663	-57.4597762099807	-0.0378998126368872
306.89990809303	-57.459808817891	-0.0368314504948642
306.949908082997	-57.4598404919936	-0.0357596826549441
306.999908073548	-57.4598712293164	-0.0346845091171269
307.049908064668	-57.4599010268875	-0.0336059298814126
307.099908056342	-57.4599298817348	-0.0325239449478012
307.149908048552	-57.4599577908863	-0.0314385543162926
307.199908041282	-57.4599847513699	-0.0303497579868869
307.249908034517	-57.4600107602136	-0.0292575559595841
307.299908028239	-57.4600358144453	-0.0281619482343842
307.349908022432	-57.4600599110929	-0.0270629348112872
307.399908017078	-57.4600830471846	-0.0259605156902929
307.449908012161	-57.4601052197482	-0.0248546908714017
307.499908007663	-57.4601264258116	-0.0237454603546132
307.549908003567	-57.4601466624028	-0.0226328241399277
307.599907999855	-57.4601659265499	-0.021516782227345
307.64990799651	-57.4601842152807	-0.0203973346168653
307.699907993513	-57.4602015256232	-0.0192744813084883
307.749907990845	-57.4602178546054	-0.0181482223022143
307.79990798849	-57.4602331992553	-0.0170185575980431
307.849907986428	-57.4602475566007	-0.0158854871959748
307.89990798464	-57.4602609236697	-0.0147490110960095
307.949907983108	-57.4602732974903	-0.0136091292981469
307.999907981813	-57.4602846750903	-0.0124658418023872
308.049907980735	-57.4602950534978	-0.0113191486087305
308.099907979855	-57.4603044297407	-0.0101690497171766
308.149907979154	-57.4603128008469	-0.00901554512772558
308.199907978611	-57.4603201638445	-0.00785863484037735
308.249907978206	-57.4603265157615	-0.00669831885513216
308.29990797792	-57.4603318536257	-0.00553459717198976
308.349907977733	-57.4603361744651	-0.00436746979095022
308.399907977623	-57.4603394753078	-0.00319693671201356
308.44990797757	-57.4603417531816	-0.00202299793517988
308.499907977554	-57.4603430051146	-0.000845653460448991
308.549907977552	-57.4603432281346	0.000335096712179052
308.599907977545	-57.4603424192698	0.0015192525827042
308.64990797751	-57.460340575548	0.00270681415112645
308.699907977426	-57.4603376939972	0.00389778141744576
308.749907977271	-57.4603337716454	0.00509215438166229
308.799907977024	-57.4603288055205	0.00628993304377594
308.849907976661	-57.4603227926506	0.00749111740378668
308.899907976162	-57.4603157300636	0.00869570746169446
308.949907975502	-57.4603076147874	0.00990370321749956
308.99990797466	-57.4602984438501	0.0111151046712017
309.049907973613	-57.4602882142795	0.0123299118228009
309.099907972337	-57.4602769231038	0.0135481246722972
309.149907970809	-57.4602645673508	0.0147697432196907
309.199907969006	-57.4602511440485	0.0159947674649814
309.249907966905	-57.4602366502249	0.017223197408169
309.29990796448	-57.460221082908	0.0184550330492539
309.349907961709	-57.4602044391258	0.0196902743882359
309.399907958567	-57.4601867159061	0.020928921425115
309.44990795503	-57.4601679102771	0.0221709741598912
309.499907951072	-57.4601480192667	0.0234164325925645
309.54990794667	-57.4601270399028	0.024665296723135
309.599907941798	-57.4601049692135	0.0259175665516027
309.649907936431	-57.4600818042266	0.0271732420779673
309.699907930543	-57.4600575419703	0.0284323233022291
309.749907924109	-57.4600321794724	0.0296948102243882
309.799907917104	-57.460005713761	0.0309607028444443
309.849907909501	-57.4599781418641	0.0322300011623974
309.899907901274	-57.4599494608095	0.0335027051782477
309.949907892396	-57.4599196676254	0.0347788148919952
309.999907882842	-57.4598887593396	0.0360583303036398
310.049907872584	-57.4598567329802	0.0373412514131814
310.099907861596	-57.4598235855751	0.0386275782206202
310.149907849849	-57.4597893141524	0.0399173107259562
310.199907837318	-57.45975391574	0.0412104489291893
310.249907823974	-57.4597173873659	0.0425069928303195
310.299907809789	-57.4596797260582	0.0438069424293467
310.349907794735	-57.4596409288447	0.0451102977262712
310.399907778785	-57.4596009927534	0.0464170587210929
310.44990776191	-57.4595599148125	0.0477272254138115
310.499907744082	-57.4595176920498	0.0490407978044272
310.54990772527	-57.4594743214933	0.0503577758929402
310.599907705448	-57.4594298001711	0.0516781596793503
310.649907684585	-57.4593841251111	0.0530019491636574
310.699907662651	-57.4593372933413	0.0543291443458617
310.749907639618	-57.4592893018898	0.0556597452259632
310.799907615456	-57.4592401477844	0.0569937518039618
310.849907590134	-57.4591898280533	0.0583311640798573
310.899907563623	-57.4591383397244	0.0596719820536501
310.949907535891	-57.4590856798257	0.0610162057253401
310.999907506908	-57.4590318453851	0.0623638350949271
311.049907476644	-57.4589768334308	0.0637148701624113
311.099907445067	-57.4589206409907	0.0650693109277925
311.149907412146	-57.4588632650928	0.0664271573910709
311.199907377849	-57.4588047027651	0.0677884095522466
311.249907342145	-57.4587449510356	0.0691530674113191
311.299907305002	-57.4586840069323	0.0705211309682888
311.349907266388	-57.4586218674832	0.0718926002231559
311.39990722627	-57.4585585297164	0.0732674751759199
311.449907184616	-57.4584939906598	0.0746457558265809
311.499907141393	-57.4584282473414	0.0760274421751392
311.549907096568	-57.4583612967893	0.0774125342215946
311.599907050107	-57.4582931360314	0.0788010319659472
311.649907001979	-57.4582237620958	0.0801929354081968
311.699906952148	-57.4581531720105	0.0815882445483435
311.749906900581	-57.4580813628034	0.0829869593863874
311.799906847244	-57.4580083315027	0.0843890799223284
311.849906792103	-57.4579340751363	0.0857946061561665
311.899906735122	-57.4578585907322	0.0872035380879017
311.949906676269	-57.4577818753185	0.0886158757175341
311.999906615506	-57.4577039259231	0.0900316190450637
312.0499065528	-57.4576247395742	0.0914507680704903
312.099906488115	-57.4575443132996	0.0928733227938139
312.149906421415	-57.4574626441275	0.0942992832150349
312.199906352665	-57.4573797290858	0.0957286493341529
312.249906281828	-57.4572955652026	0.097161421151168
312.299906208868	-57.4572101495059	0.0985975986660802
312.349906133749	-57.4571234790238	0.10003718187889
312.399906056434	-57.4570355507842	0.101480170789596
312.449905976886	-57.4569463618151	0.1029265653982
312.499905895067	-57.4568559091447	0.1043763657047
312.549905810941	-57.456764189801	0.105829571709098
312.599905724471	-57.4566712008119	0.107286183411393
312.649905635617	-57.4565769392055	0.108746200811585
312.699905544342	-57.4564814020098	0.110209623909674
312.749905450607	-57.456384586253	0.111676452705661
312.799905354375	-57.4562864889629	0.113146687199544
312.849905255606	-57.4561871071678	0.114620327391325
312.899905154262	-57.4560864378955	0.116097373281003
312.949905050302	-57.4559844781741	0.117577824868578
312.999904943689	-57.4558812250317	0.11906168215405
313.049904834381	-57.4557766754963	0.120548945137419
313.09990472234	-57.455670826596	0.122039613818685
313.149904607524	-57.4555636753588	0.123533688197848
313.199904489894	-57.4554552188128	0.125031168274909
313.24990436941	-57.455345453986	0.126532054049866
313.299904246029	-57.4552343779064	0.128036345522721
313.349904119712	-57.4551219876022	0.129544042693473
313.399903990416	-57.4550082801013	0.131055145562122
313.449903858101	-57.4548932524318	0.132569654128668
313.499903722724	-57.4547769016218	0.134087568393111
313.549903584244	-57.4546592246993	0.135608888355451
313.599903442618	-57.4545402186925	0.137133614015689
313.649903297804	-57.4544198806292	0.138661745373823
313.699903149759	-57.4542982075377	0.140193282429855
313.74990299844	-57.454175196446	0.141728225183784
313.799902843803	-57.4540508443821	0.14326657363561
313.849902685807	-57.4539251483741	0.144808327785333
313.899902524406	-57.4537981054501	0.146353487632953
313.949902359557	-57.4536697126381	0.14790205317847
313.999902191216	-57.4535399669663	0.149454024421885
314.049902019338	-57.4534088654626	0.151009401363196
314.099901843879	-57.4532764051553	0.152568184002405
314.149901664793	-57.4531425830722	0.15413037233951
314.199901482037	-57.4530073962416	0.155695966374513
314.249901295563	-57.4528708416915	0.157264966107413
314.299901105328	-57.4527329164499	0.15883737153821
314.349900911284	-57.4525936175451	0.160413182666905
314.399900713386	-57.452452942005	0.161992399493496
314.449900511587	-57.4523108868577	0.163575022017985
314.499900305841	-57.4521674491313	0.16516105024037
314.549900096102	-57.452022625854	0.166750484160653
314.599899882321	-57.4518764140537	0.168343323778833
314.649899664451	-57.4517288107587	0.16993956909491
314.699899442446	-57.451579812997	0.171539220108884
314.749899216256	-57.4514294177966	0.173142276820756
314.799898985835	-57.4512776221858	0.174748739230524
314.849898751134	-57.4511244231925	0.17635860733819
314.899898512103	-57.4509698178449	0.177971881143752
314.949898268695	-57.4508138031712	0.179588560647212
314.99989802086	-57.4506563761993	0.181208645848569
315.04989776855	-57.4504975339575	0.182832136747823
315.099897511713	-57.4503372734738	0.184459033344974
315.149897250301	-57.4501755917763	0.186089335640022
315.199896984263	-57.4500124858932	0.187723043632968
315.24989671355	-57.4498479528525	0.18936015732381
315.299896438109	-57.4496819896825	0.19100067671255
315.349896157892	-57.4495145934111	0.192644601799186
315.399895872846	-57.4493457610666	0.19429193258372
315.44989558292	-57.449175489677	0.195942669066151
315.499895288062	-57.4490037762705	0.197596811246479
315.549894988221	-57.4488306178753	0.199254359124705
315.599894683345	-57.4486560115193	0.200915312700827
315.64989437338	-57.4484799542309	0.202579671974846
315.699894058275	-57.448302443038	0.204247436946763
315.749893737977	-57.4481234749689	0.205918607616577
315.799893412432	-57.4479430470517	0.207593183984288
315.849893081586	-57.4477611563145	0.209271166049896
315.899892745387	-57.4475777997855	0.210952553813401
315.94989240378	-57.4473929744927	0.212637347274803
315.999892056711	-57.4472066774645	0.214325546434102
316.049891704126	-57.4470189057289	0.216017151291299
316.09989134597	-57.446829656314	0.217712161846392
316.149890982187	-57.446638926248	0.219410578099383
316.199890612723	-57.4464467125592	0.221112400050271
316.249890237521	-57.4462530122755	0.222817627699056
316.299889856527	-57.4460578224253	0.224526261045738
316.349889469684	-57.4458611400366	0.226238300090317
316.399889076936	-57.4456629621377	0.227953744832793
316.449888678226	-57.4454632857567	0.229672595273167
316.499888273497	-57.4452621079217	0.231394851411437
316.549887862693	-57.445059425661	0.233120513247605
316.599887445755	-57.4448552360027	0.23484958078167
316.649887022626	-57.444649535975	0.236582054013632
316.699886593249	-57.444442322606	0.238317932943491
316.749886157564	-57.4442335929241	0.240057217571247
316.799885715514	-57.4440233439573	0.2417999078969
316.849885267039	-57.4438115727338	0.243546003920451
316.899884812082	-57.4435982762819	0.245295505641898
316.949884350581	-57.4433834516296	0.247048413061243
316.999883882479	-57.4431670958054	0.248804726178485
317.049883407714	-57.4429492058372	0.250564444993624
317.099882926227	-57.4427297787533	0.25232756950666
317.149882437958	-57.442508811582	0.254094099717593
317.199881942846	-57.4422863013514	0.255864035626423
317.249881440829	-57.4420622450897	0.257637377233151
317.299880931847	-57.4418366398252	0.259414124537775
317.349880415838	-57.4416094825861	0.261194277540297
317.399879892741	-57.4413807704006	0.262977836240716
317.449879362493	-57.4411505002968	0.264764800639032
317.499878825032	-57.4409186693031	0.266555170735245
317.549878280295	-57.4406852744477	0.268348946529355
317.59987772822	-57.4404503127587	0.270146128021362
317.649877168744	-57.4402137812645	0.271946715211267
317.699876601802	-57.4399756769932	0.273750708099068
317.749876027331	-57.4397359969731	0.275558106684767
317.799875445268	-57.4394947382324	0.277368910968363
317.849874855548	-57.4392518977994	0.279183120949855
317.899874258106	-57.4390074727024	0.281000736629245
317.949873652877	-57.4387614599694	0.282821758006532
317.999873039797	-57.438513856629	0.284646185081717
318.0498724188	-57.4382646597092	0.286474017854798
318.099871789821	-57.4380138662383	0.288305256325777
318.149871152792	-57.4377614732447	0.290139900494653
318.199870507649	-57.4375074777565	0.291977950361425
318.249869854324	-57.437251876802	0.293819405926095
318.299869192751	-57.4369946674095	0.295664267188662
318.349868522862	-57.4367358466073	0.297512534149126
318.39986784459	-57.4364754114237	0.299364206807487
318.449867157868	-57.4362133588869	0.301219285163746
318.499866462627	-57.4359496860252	0.303077769217901
318.5498657588	-57.4356843898669	0.304939658969954
318.599865046316	-57.4354174674404	0.306804954419904
318.649864325109	-57.4351489157738	0.308673655567751
318.699863595108	-57.4348787318954	0.310545762413494
318.749862856244	-57.4346069128337	0.312421274957135
318.799862108448	-57.4343334556168	0.314300193198674
318.849861351649	-57.4340583572732	0.316182517138109
318.899860585777	-57.433781614831	0.318068246775441
318.949859810762	-57.4335032253187	0.319957382110671
318.999859026532	-57.4332231857645	0.321849923143798
319.049858233016	-57.4329414931967	0.323745869874822
319.099857430144	-57.4326581446437	0.325645222303743
319.149856617842	-57.4323731371339	0.327547980430561
319.199855796039	-57.4320864676954	0.329454144255276
319.249854964663	-57.4317981333567	0.331363713777888
319.299854123641	-57.4315081311461	0.333276688998398
319.349853272899	-57.431216458092	0.335193069916805
319.399852412366	-57.4309231112227	0.337112856533108
319.449851541966	-57.4306280875665	0.339036048847309
319.499850661627	-57.4303313841517	0.340962646859407
319.549849771274	-57.4300329980069	0.342892650569402
319.599848870832	-57.4297329261602	0.344826059977294
319.649847960227	-57.4294311656401	0.346762875083084
319.699847039384	-57.429127713475	0.34870309588677
319.749846108228	-57.4288225666931	0.350646722388354
319.799845166682	-57.428515722323	0.352593754587834
319.849844214671	-57.4282071773929	0.354544192485212
319.899843252118	-57.4278969289312	0.356498036080487
319.949842278947	-57.4275849739664	0.358455285373659
319.999841295081	-57.4272713095267	0.360415940364728
320.049840300443	-57.4269559326407	0.362380001053695
320.099839294955	-57.4266388403367	0.364347467440558
320.14983827854	-57.4263200296431	0.366318339525319
320.199837251119	-57.4259994975884	0.368292617307976
320.249836212614	-57.4256772412008	0.370270300788531
320.299835162946	-57.4253532575089	0.372251389966983
320.349834102036	-57.425027543541	0.374235884843332
320.399833029805	-57.4247000963257	0.376223785417578
320.449831946174	-57.4243709128912	0.378215091689721
320.499830851061	-57.4240399902661	0.380209803659762
320.549829744388	-57.4237073254787	0.382207921327699
320.599828626073	-57.4233729155575	0.384209444693534
320.649827496035	-57.423036757531	0.386214373757266
320.699826354194	-57.4226988484276	0.388222708518895
320.749825200468	-57.4223591852757	0.390234448978421
320.799824034774	-57.4220177651038	0.392249595135844
320.849822857032	-57.4216745849404	0.394268146991164
320.899821667157	-57.4213296418139	0.396290104544382
320.949820465068	-57.4209829327529	0.398315467795496
320.999819250682	-57.4206344547856	0.400344236744508
321.049818023915	-57.4202842049407	0.402376411391417
321.099816784683	-57.4199321802467	0.404411991736222
321.149815532903	-57.4195783777319	0.406450977778926
321.199814268489	-57.419222794425	0.408493369519526
321.249812991358	-57.4188654273543	0.410539166958023
321.299811701424	-57.4185062735485	0.412588370094417
321.349810398602	-57.4181453300359	0.414640978928709
321.399809082807	-57.4177825938452	0.416696993460898
321.449807753952	-57.4174180620047	0.418756413690983
321.499806411951	-57.4170517315432	0.420819239618966
321.549805056718	-57.4166835994889	0.422885471244846
321.599803688165	-57.4163136628706	0.424955108568624
321.649802306206	-57.4159419187167	0.427028151590298
321.699800910753	-57.4155683640557	0.429104600309869
321.749799501718	-57.4151929959162	0.431184454727338
321.799798079013	-57.4148158113268	0.433267714842703
321.849796642549	-57.414436807316	0.435354380655966
321.899795192238	-57.4140559809123	0.437444452167126
321.94979372799	-57.4136733291444	0.439537929376183
321.999792249716	-57.4132888490407	0.441634812283137
322.049790757326	-57.4129025376299	0.443735100887988
322.099789250729	-57.4125143919405	0.445838795190736
322.149787729837	-57.4121244090011	0.447945895191382
322.199786194556	-57.4117325858403	0.450056400889925
322.249784644797	-57.4113389194866	0.452170312286364
322.299783080469	-57.4109434069688	0.454287629380701
322.349781501478	-57.4105460453153	0.456408352172935
322.399779907733	-57.4101468315549	0.458532480663066
322.449778299143	-57.409745762716	0.460660014851094
322.499776675613	-57.4093428358273	0.46279095473702
322.54977503705	-57.4089380479175	0.464925300320842
322.599773383362	-57.4085313960151	0.467063051602562
322.649771714455	-57.4081228771488	0.469204208582178
322.699770030234	-57.4077124883473	0.471348771259692
322.749768330605	-57.4073002266391	0.473496739635103
322.799766615473	-57.406886089053	0.475648113708411
322.849764884744	-57.4064700726175	0.477802893479617
322.899763138321	-57.4060521743614	0.479961078948719
322.949761376109	-57.4056323913133	0.482122670115718
322.999759598011	-57.4052107205018	0.484287666980615
323.049757803932	-57.4047871589557	0.486456069543408
323.099755993775	-57.4043617037036	0.488627877804099
323.149754167442	-57.4039343517743	0.490803091762687
323.199752324836	-57.4035051001963	0.492981711419172
323.249750465858	-57.4030739459985	0.495163736773555
323.299748590412	-57.4026408862094	0.497349167825834
323.349746698399	-57.4022059178579	0.49953800457601
323.399744789719	-57.4017690379726	0.501730247024084
323.449742864274	-57.4013302435823	0.503925895170055
323.499740921964	-57.4008895317156	0.506124949013922
323.549738962688	-57.4004468994014	0.508327408555687
323.599736986348	-57.4000023436683	0.510533273795349
323.649734982486	-57.3995547043902	0.514938166333055
323.699732955135	-57.3991044479645	0.516512560885423
323.749730926609	-57.3986540610041	0.515237342217663
323.799728919241	-57.3982060301651	0.511112510329776
323.849726955015	-57.3977628421073	0.504138065221762
323.89972505519	-57.3973269834963	0.494314006893621
323.949723239933	-57.3969009410075	0.481640335345352
323.999721527946	-57.3964872013285	0.466117050576956
324.049719936094	-57.3960882511612	0.447744152588432
324.099718479037	-57.3957065772244	0.426521641379782
324.149717168856	-57.3953446662547	0.402449516951004
324.199716014685	-57.3950050050075	0.375527779302098
324.249715022337	-57.3946900802569	0.345756428433066
324.299714193933	-57.394402378795	0.313135464343906
324.349713527535	-57.3941443874304	0.277664887034619
324.399713016769	-57.3939185929849	0.239344696505204
324.449712650459	-57.3937274822903	0.198174892755662
324.499712412253	-57.3935735421829	0.154155475785993
324.549712280253	-57.3934592594976	0.107286445596196
324.599712226645	-57.3933871210599	0.0575678021862726
324.649712217325	-57.393359613677	0.00499954555622135
324.69971221153	-57.3933792241268	-0.0504183242939569
324.749712161468	-57.3934484391457	-0.108685807364263
324.799712011945	-57.3935697454147	-0.169802903654696
324.849711699995	-57.3937456295428	-0.233769613165256
324.899711154509	-57.3939785780498	-0.300585935895944
324.949710295863	-57.394271077346	-0.370251871846759
324.999709035549	-57.3946256137102	-0.442767421017701
325.049707275805	-57.3950446732655	-0.518132583408771
325.099704909238	-57.3955307419528	-0.596347359019967
325.149701818464	-57.3960863055017	-0.677411747851292
325.199697875726	-57.3967138493993	-0.761325749902743
325.249692942533	-57.397415858856	-0.848089365174322
325.299686869282	-57.398194818769	-0.937702593666029
325.349679494894	-57.3990532136825	-1.03016543537786
325.399670646441	-57.399993527746	-1.12547789030982
325.449660233305	-57.4010136863441	-1.21264751781157
325.49964821177	-57.402109828581	-1.29972159769768
325.549634467003	-57.4032819237037	-1.3867635392585
325.5996188843	-57.4045299409688	-1.47377334249403
325.649601349087	-57.4058538494612	-1.56075100740427
325.699581746925	-57.4072536180937	-1.64769653398922
325.749559963506	-57.4087292156081	-1.73460992224888
325.799535884654	-57.4102806105752	-1.82149117218325
325.849509396327	-57.4119077713954	-1.90834028379233
325.899480384617	-57.413610666299	-1.99515725707613
325.949448735746	-57.4153892633464	-2.08194209203463
325.999414336072	-57.4172435304291	-2.16869478866784
326.049377072087	-57.4191734352692	-2.25541534697577
326.099336830414	-57.4211789454207	-2.3421037669584
326.149293497813	-57.4232600282691	-2.42876004861574
326.199246961177	-57.4254166510326	-2.5153841919478
326.249197107534	-57.4276487807617	-2.60197619695456
326.299143824045	-57.42995638434	-2.68853606363604
326.349086998007	-57.4323394284848	-2.77506379199222
326.399026516853	-57.4347978797468	-2.86155938202312
326.448962268151	-57.4373317045115	-2.94802283372872
326.498894139602	-57.4399408689986	-3.03445414710904
326.548822019045	-57.4426253392629	-3.12085332216407
326.598745794454	-57.4453850811947	-3.2072203588938
326.648665353939	-57.4482200605202	-3.29355525729825
326.698580585747	-57.4511302428014	-3.37985801737741
326.748491378259	-57.4541155934374	-3.46612863913128
326.798397619996	-57.457176077664	-3.55236712255986
326.848299199614	-57.4603116605544	-3.63857346766315
326.898196005905	-57.4635223070197	-3.72474767444114
326.948087927798	-57.466807981809	-3.81088974289385
326.997974854363	-57.47016864951	-3.89699967302128
327.047856674802	-57.4736042745496	-3.98307746482341
327.09773327846	-57.4771148211936	-4.06912311830025
327.147604554815	-57.480700253548	-4.1551366334518
327.197470393487	-57.4843605355587	-4.24111801027806
327.247330684232	-57.488095631012	-4.32706724877903
327.297185316944	-57.4919055035354	-4.41298434895471
327.347034181658	-57.4957901165976	-4.4988693108051
327.396877168545	-57.4997494335089	-4.58472213433021
327.446712457309	-57.503804404457	-4.71931584217172
327.49653849003	-57.5079716038504	-4.83920377238138
327.546356387324	-57.5122349894892	-4.94054563990286
327.596167371608	-57.5165784223722	-5.02334144473617
327.645972743052	-57.5209857699902	-5.0875911868813
327.695773863899	-57.5254409051672	-5.13329486633826
327.745572142804	-57.5299277048019	-5.16045248310704
327.79536901917	-57.5344300485346	-5.16906403718766
327.845165947497	-57.5389318173629	-5.1591295285801
327.894964381725	-57.543416892234	-5.13064895728436
327.944765759583	-57.5478691526378	-5.08362232330045
327.994571486934	-57.5522724752259	-5.01804962662837
328.044382922113	-57.5566107324828	-4.93393086726812
328.094201360261	-57.5608677914727	-4.83126604521969
328.14402801765	-57.5650275126906	-4.71005516048309
328.193864016	-57.5690737490392	-4.57029821305831
328.243710366776	-57.5729903449597	-4.41199520294536
328.293567955483	-57.5767611357416	-4.23514613014424
328.343437525942	-57.5803699470355	-4.03975099465494
328.393319664552	-57.5838005945956	-3.82580979647747
328.443214784539	-57.5870368842782	-3.59332253561183
328.4931231102	-57.5900626123189	-3.34228921205801
328.543044661122	-57.5928615659174	-3.07270982581602
328.592979236405	-57.5954175241534	-2.78458437688586
328.642926398878	-57.5977142592591	-2.47791286526752
328.692885459304	-57.5997355382756	-2.15269529096101
328.742856181356	-57.6014433632665	-1.75837164727942
328.792837255733	-57.6028158857474	-1.3948975989848
328.842825644422	-57.603890364189	-1.0750973347385
328.892818961406	-57.6047048678317	-0.798970854540539
328.942815415024	-57.6052974844806	-0.566518158390903
328.992813720945	-57.6057063137095	-0.377739246289597
329.042813015088	-57.6059694619986	-0.23263411823662
329.092812766494	-57.6061250394727	-0.131202774231971
329.142812690193	-57.6062111579094	-0.0734452142756526
329.192812660048	-57.606265929685	-0.0593614383676624
329.242812621603	-57.6063274673256	-0.0889514465080021
329.292812504933	-57.6064338833314	-0.16221523869667
329.342812137484	-57.6066232899417	-0.279152814933668
329.392811156928	-57.6069337985096	-0.439764175218995
329.442808924009	-57.6074035181523	-0.644049319552651
329.492804435409	-57.6080705533472	-0.892008247934636
329.54279623664	-57.6089730001393	-1.18364096036495
329.592782334977	-57.6101489406306	-1.51894745684359
329.642760112463	-57.6116364354174	-1.89792773737057
329.692726239038	-57.6134735136469	-2.32058180194587
329.742676585829	-57.6156981603605	-2.7869096505695
329.792606138672	-57.6183483007964	-3.29691128324146
329.842508911965	-57.6214617813242	-3.85058669996175
329.892377862931	-57.6250763466839	-4.44793590073037
329.942204806426	-57.6292296132102	-5.08895888554731
329.991980330435	-57.6339590377202	-5.77365565441259
330.041693712413	-57.6393018817538	-6.5020262073262
330.091332836673	-57.6452951708552	-7.27407054428813
330.140884113025	-57.6519756485977	-8.0897886652984
330.190332396918	-57.6593797250566	-8.94918057035699
330.239660911362	-57.6675434194512	-9.85224625946391
330.28885117092	-57.6765022966822	-10.7989857326192
330.337882908117	-57.6862913975123	-11.7893989898227
330.386734002635	-57.6969451621482	-12.8234860310747
330.435377686992	-57.7085086334421	-13.9198030074473
330.483802248442	-57.7209586145147	-14.8904661001731
330.532027649842	-57.7341597116559	-15.7007556321079
330.580081065768	-57.7479742831284	-16.3506716032517
330.627994852176	-57.7622660232641	-16.8402140136045
330.675805387431	-57.7768997451139	-17.1693828631663
330.723551928191	-57.7917411065791	-17.3381781519372
330.771275476761	-57.8066562961586	-17.346599879917
330.81901765576	-57.8215116942309	-17.1946480471059
330.866819585448	-57.836173525646	-16.8823226535038
330.914720758888	-57.8505075193544	-16.4096236991107
330.962757910286	-57.8643785908405	-15.7765511839266
331.010963872244	-57.8776505632582	-14.9831051079515
331.059366418485	-57.8901859433788	-14.0292854711855
331.107987049251	-57.9018459441502	-12.9188781106165
331.156826415559	-57.9125530147046	-11.832320177949
331.205849668774	-57.9223846833368	-10.8687641081251
331.255021766702	-57.931443377051	-10.0282099011447
331.304312606807	-57.9398326791972	-9.31065755700791
331.353696374453	-57.9476570669658	-8.71610707571466
331.403150880135	-57.9550216946228	-8.24455845726496
331.452656888572	-57.962032215499	-7.89601170165882
331.50219744196	-57.9687946356073	-7.67046680889624
331.551757179188	-57.975415191668	-7.56792377897723
331.601321652488	-57.9820002462589	-7.58838261190177
331.650876642691	-57.9886561927642	-7.73184330766987
331.700407474156	-57.9954893627771	-7.99830586628153
331.74989833037	-58.0026059286033	-8.38777028773675
331.799331571304	-58.010111793526	-8.90023657203553
331.848687053802	-58.018112462518	-9.53570471917787
331.897941456546	-58.0267128861344	-10.2941747291638
331.94706761158	-58.0360172703954	-11.1756466019932
331.996033844854	-58.0461288455733	-12.1801203376662
332.044803328874	-58.0571495869513	-13.3075959361828
332.093333451269	-58.0691798808295	-14.558073397543
332.141575203882	-58.0823181293265	-15.9315527217467
332.189472597911	-58.096660287889	-17.4280339087939
332.236975965709	-58.1122581604093	-18.9034346868647
332.28407362689	-58.1290415864848	-20.3176345414773
332.330748761689	-58.1469667538805	-21.6936845716314
332.376986373121	-58.1659922550353	-23.031584777327
332.4227739074	-58.1860769381389	-24.331335158564
332.468101164844	-58.2071799882597	-25.5929357153426
332.512960209888	-58.2292610001429	-26.8163864476627
332.557345280659	-58.2522800429599	-28.0016873555242
332.601252698486	-58.2761977173077	-29.1488384389273
332.6446807777	-58.300975204759	-30.2578396978718
332.687629736044	-58.326574310274	-31.3286911323578
332.730101605975	-58.3529574977869	-32.3613927423854
332.772100147096	-58.3800879192814	-33.3559445279544
332.813630759948	-58.40792943767	-34.3123464890649
332.854700401335	-58.4364466437905	-35.2305986257169
332.895317501347	-58.4656048678293	-36.1107009379104
332.935491882201	-58.4953701854767	-36.9526534256454
332.975234679011	-58.525709419115	-37.7564560889219
333.014558262562	-58.5565901343334	-38.5221089277399
333.053476164143	-58.5879806320556	-39.2496119420993
333.092003002468	-58.619849936561	-39.9389651320003
333.130154412709	-58.6521677796692	-40.5901684974428
333.167946977625	-58.6849045813526	-41.2032220384267
333.20539816077	-58.7180314270295	-41.7781257549522
333.24252624174	-58.7515200417855	-42.3148796470191
333.279350253404	-58.7853427617593	-42.8134837146275
333.31588992105	-58.8194725029209	-43.2739379577775
333.352165603366	-58.853882727464	-43.6962423764689
333.388198235171	-58.8885474080234	-44.0803969707018
333.423985902575	-58.9234648642689	-44.5354787781838
333.459494163308	-58.9586664622492	-44.9500596683161
333.494779276526	-58.9940918018967	-45.2596967752691
333.529905056548	-59.0296751815445	-45.4643900990429
333.564936190238	-59.0653517709176	-45.5641396396373
333.599937877854	-59.1010572586008	-45.5589453970524
333.634975478638	-59.136727494791	-45.4488073712882
333.670114157883	-59.1722981325906	-45.2337255623447
333.705418532201	-59.2077042710812	-44.9136999702219
333.740952309728	-59.2428801034367	-44.4887305949198
333.776777922081	-59.2777585734049	-43.9588174364383
333.812957427227	-59.312269688285	-43.3156465028859
333.849532628869	-59.3463611556024	-42.6697376100448
333.886469931083	-59.3800600352516	-42.0916126744829
333.923725691157	-59.4134065764208	-41.5812716962
333.961257487329	-59.4464421911685	-41.1387146751962
333.999023981573	-59.4792092934842	-40.7639416114715
334.036984776319	-59.5117511446395	-40.456952505026
334.075100266086	-59.5441117040245	-40.2177473558595
334.113331484928	-59.5763354846243	-40.0463261639722
334.151639950576	-59.6084674122541	-39.9426889293639
334.189987506127	-59.6405526876441	-39.9068356520348
334.228336160099	-59.6726366504438	-39.9387663319847
334.266647925669	-59.7047646442045	-40.0384809692138
334.304884659877	-59.7369818813888	-40.205979563722
334.343007903617	-59.7693333074579	-40.4412621155092
334.380978723211	-59.8018634630925	-40.7443286245756
334.41875755438	-59.8346163436183	-41.1151790909211
334.456304049482	-59.8676352547239	-41.5538135145457
334.493576928873	-59.9009626635895	-42.0602318954494
334.530533837307	-59.9346400445775	-42.6344342336322
334.567131206352	-59.9687077186786	-43.2764205290941
334.60332437185	-60.0032044287394	-43.9772205199333
334.639109936245	-60.0381238686795	-44.6184662076662
334.674503670024	-60.0734404063546	-45.2557753962515
334.709503620329	-60.1091472407179	-45.8891480856893
334.744107963167	-60.1452376038894	-46.5185842759794
334.778315001638	-60.1817047629462	-47.144083967122
334.812123164153	-60.218542021659	-47.765647159117
334.845531002647	-60.2557427221745	-48.3832738519644
334.87853719078	-60.2933002466441	-48.9969640456642
334.91114052213	-60.3312080187995	-49.6067177402164
334.943339908391	-60.3694595054768	-50.212534935621
334.975134377554	-60.4080482180879	-50.814415631878
335.006523072092	-60.4469677140408	-51.4123598289874
335.037505247144	-60.48621159811	-52.0063675269493
335.068080268695	-60.5257735237561	-52.5964387257636
335.098247611752	-60.5656471943962	-53.1825734254302
335.128006858533	-60.6058263646259	-53.7647716259493
335.157357696645	-60.6463048413929	-54.3430333273208
335.18629991727	-60.6870764851229	-54.9173585295447
335.214833413357	-60.7281352107992	-55.487747232621
335.242958177815	-60.7694749889959	-56.0541994365498
335.270674301708	-60.8110898468652	-56.6167151413309
335.297981972467	-60.8529738690807	-57.1752943469644
335.324881472095	-60.895121198736	-57.7299370534504
335.351373175391	-60.9375260382	-58.2806432607888
335.377457548173	-60.9801826499291	-58.8274129689795
335.403135145517	-61.0230853572383	-59.3702461780227
335.428406610004	-61.0662285450295	-59.9091428879183
335.45327266997	-61.1096066604806	-60.4441030986663
335.47773413778	-61.1532142136935	-60.9751268102668
335.501791908102	-61.1970457783031	-61.5022140227196
335.525446956196	-61.2410959920484	-62.0253647360248
335.54870033622	-61.2853595573044	-62.5445789501825
335.571553179545	-61.3298312415784	-63.0598566651925
335.59400669308	-61.3745058779683	-63.571197881055
335.616062157621	-61.4193783655862	-64.0786025977699
335.637720926205	-61.4644436699464	-64.5820708153372
335.658984422485	-61.5096968233192	-65.0816025337569
335.679854139116	-61.555132925051	-65.577197753029
335.700331630794	-61.6007471442327	-66.0696790585487
335.72039885739	-61.6465433048124	-66.6036237456141
335.740043254182	-61.6925224346994	-67.1255787220581
335.759272811683	-61.7386766069269	-67.6355439878807
335.778095663961	-61.7849981407395	-68.1335195430819
335.796520081644	-61.8314795977339	-68.6195053876618
335.814554465163	-61.8781137778257	-69.0935015216203
335.832207338224	-61.924893715049	-69.5555079449575
335.849487341517	-61.9718126732008	-70.0055246576732
335.866403226654	-62.0188641413353	-70.4435516597676
335.882963850326	-62.0660418291193	-70.8695889512406
335.899178168686	-62.1133396620545	-71.2836365320923
335.91505523195	-62.160751776575	-71.6856944023225
335.930604179209	-62.2082725150275	-72.0757625619314
335.945834233446	-62.2558964205406	-72.4538410109189
335.960754696765	-62.3036182317904	-72.8199297492851
335.975374945812	-62.3514328776683	-73.1740287770299
335.989704427391	-62.3993354718571	-73.5161380941532
336.003752654275	-62.447321307322	-73.8462577006553
336.017529201192	-62.4953858507206	-74.1643875965359
336.031043700998	-62.5435247367388	-74.4705277817952
336.044305841014	-62.5917337623567	-74.7646782564331
336.05732535954	-62.6400088810485	-75.0468390204496
336.07011204252	-62.6883461969233	-75.3170100738448
336.082675720373	-62.7367419588083	-75.5751914166186
336.095026264966	-62.785192554281	-75.821383048771
336.107173586734	-62.833694503652	-76.055584970302
336.11912763194	-62.8822444539035	-76.2777971812117
336.13089838006	-62.9308391725872	-76.4880196814999
336.142495841298	-62.9794755416834	-76.6862524711669
336.153930054222	-63.0281505514254	-76.8724955502124
336.165211083508	-63.0768612940919	-77.0467489186366
336.17634901779	-63.1256049577709	-77.2090125764393
336.187353967617	-63.1743788200953	-77.3592865236208
336.198236063493	-63.2231802419562	-77.4975707601808
336.209005454012	-63.2720066611926	-77.6238652861195
336.219672304073	-63.3208555862624	-77.7381701014368
336.230246793159	-63.3697245898952	-77.8404852061327
336.2407391137	-63.4186113027297	-77.9308106002073
336.251159469477	-63.4675134069368	-78.0091462836604
336.261518074099	-63.516428629831	-78.0754922564922
336.271825149512	-63.5653547374707	-78.1298485187027
336.282090924556	-63.6142895282508	-78.1722150702917
336.292325633555	-63.6632308264865	-78.2025919112594
336.302537313562	-63.71217693481	-78.2415152558227
336.312691210511	-63.7611350596646	-78.3195614158738
336.322790995383	-63.810104378577	-78.3681568021823
336.332861830878	-63.8590796605902	-78.3873014147482
336.34292888891	-63.9080557193835	-78.3769952535715
336.353017342595	-63.9570273744607	-78.3372383186522
336.363152358247	-64.0059894123357	-78.2680306099902
336.37335908728	-64.0549365477351	-78.1693721275857
336.383662657947	-64.1038633848397	-78.0412628714385
336.394088166772	-64.1527643785859	-77.8837028415487
336.404660669616	-64.2016337960496	-77.6966920379163
336.41540517225	-64.2504656779372	-77.4802304605413
336.426346620352	-64.2992538002087	-77.2343181094237
336.437509888825	-64.3479916358613	-76.9589549845634
336.448919770335	-64.3966723169029	-76.6541410859606
336.460600962979	-64.44528859655	-76.3198764136151
336.472578056981	-64.4938328116847	-75.9561609675271
336.484875520326	-64.5422968456113	-75.5629947476964
336.497517683234	-64.5906720911555	-75.1403777541231
336.51055289709	-64.638942845842	-74.6286751946356
336.524005145779	-64.6870990873561	-74.1691257987202
336.537811066554	-64.7351551716919	-73.786238993881
336.551905736819	-64.7831273960814	-73.480014780118
336.566224559245	-64.8310332200881	-73.2504531574311
336.580703197431	-64.878891004684	-73.0975541258204
336.595277505528	-64.926719753031	-73.0213176852859
336.609883453556	-64.9745388525206	-73.0217438358275
336.624457050152	-65.0223678175825	-73.0988325774453
336.638934264471	-65.0702260327513	-73.2525839101393
336.653250948948	-65.1181324954692	-73.4829978339094
336.667342764659	-65.1661055581142	-73.7900743487557
336.681145110999	-65.2141626687657	-74.1738134546782
336.694593061424	-65.262320110259	-74.6342151516769
336.707621307004	-65.310592737141	-75.1712794397517
336.720164109584	-65.3589937102066	-75.7850063189027
336.732155266317	-65.4075342283927	-76.4753957891299
336.743528087421	-65.4562232579075	-77.2424478504333
336.75421538898	-65.5050672586018	-78.0861625028128
336.76414950266	-65.5540699077279	-79.0065397462685
336.77326230422	-65.6032318213942	-80.0035795808004
336.781485262716	-65.6525502741976	-81.0772820064084
336.788749512283	-65.7020189177147	-82.2276470230926
336.794985948405	-65.7516274987427	-83.454674630853
336.800125358151	-65.8013615777153	-84.7577000999676
336.804139532945	-65.8511991790523	-86.0122332055736
336.807114297617	-65.9011097912758	-87.1458087376308
336.809153822524	-65.9510675259099	-88.1584266961392
336.810362911769	-66.0010523999437	-89.0500870810987
336.810846777119	-66.0510496815074	-89.8207898925094
336.810710867192	-66.10104922872	-90.4705351303713
336.810060745018	-66.1510448243333	-90.9993227946844
336.809002007001	-66.2010335080829	-91.4071528854487
336.807640236255	-66.2510149080464	-91.6940254026641
336.806080983266	-66.3009905718006	-91.8599403463307
336.804429766816	-66.3509632977668	-91.9048977164485
336.802792088107	-66.400936466832	-91.8288975130175
336.801273451041	-66.4509133741407	-91.6319397360376
336.799979369352	-66.5008965605793	-91.3155960563629
336.798956419159	-66.5508860436203	-91.0305014829249
336.798178287406	-66.6008799399857	-90.7544212412574
336.797637126758	-66.6508769660843	-90.4873553313606
336.797325083073	-66.7008759501008	-90.2293037532343
336.797234296458	-66.7508758283189	-89.9802665068786
336.797356902262	-66.8008756414348	-89.7402435922935
336.797685031963	-66.8508745308642	-89.509235009479
336.798210813996	-66.9008717350427	-89.287240758435
336.798926374495	-66.9508665857218	-89.0742608391616
336.799823837959	-67.0008585042597	-88.8702952516588
336.800895327859	-67.0508469979095	-88.6753439959266
336.802132967163	-67.1008316561041	-88.4894070719649
336.803528878806	-67.1508121467393	-88.3124844797739
336.805075186099	-67.2007882124556	-88.1445762193534
336.806764013071	-67.2507596669184	-87.9856822907035
336.808587484762	-67.3007263910986	-87.8358026938241
336.810537727462	-67.3506883295523	-87.6949374287154
336.812606868899	-67.4006454867008	-87.5630864953772
336.814787038377	-67.4505979231118	-87.4402498938096
336.817070366877	-67.5005457517803	-87.3264276240126
336.819448987109	-67.5504891344109	-87.2216196859861
336.821915033531	-67.6004282777016	-87.1258260797302
336.82446064233	-67.6503634296273	-87.039046805245
336.827077951372	-67.7002948757261	-86.9612818625303
336.82975910012	-67.7502229353854	-86.8925312515861
336.832496229529	-67.8001479581301	-86.8327949724126
336.835281481915	-67.8500703199111	-86.7820730250096
336.838107000802	-67.8999904193955	-86.7403654093772
336.840964930756	-67.9499086742575	-86.7076721255154
336.843847417195	-67.9998255174695	-86.6839931734241
336.8467466062	-68.049741393595	-86.6693285531034
336.849654644304	-68.099656755081	-86.6636782645534
336.852563678282	-68.1495720585511	-86.6670423077739
336.855465854938	-68.199487761099	-86.6794206827649
336.858353320885	-68.2494043165819	-86.7008133895266
336.861218222338	-68.2993221719134	-86.7312204280588
336.864052704904	-68.3492417633568	-86.7706417983616
336.866848913382	-68.3991635128171	-86.819077500435
336.869598991577	-68.4490878241331	-86.8765275342789
336.872295082126	-68.4990150793683	-86.9429918998935
336.874929326343	-68.548945635101	-87.0184705972786
336.877493864081	-68.5988798187135	-87.1029636264343
336.879980833619	-68.6488179246802	-87.1964709873605
336.882382371576	-68.6987602108546	-87.2989926800574
336.884690612852	-68.748706894755	-87.4105287045248
336.8868976906	-68.7986581498491	-87.5310790607628
336.888995736235	-68.8486141018377	-87.6606437487714
336.89097687948	-68.8985748249372	-87.7992227685505
336.892833248451	-68.948540338161	-87.9468161201003
336.894556969785	-68.9985106016004	-88.1034238034206
336.896140168821	-69.0484855127052	-88.2690458185115
336.897574969818	-69.098464902563	-88.443682165373
336.898853496238	-69.14844853218	-88.627332844005
336.899967871076	-69.198436088761	-88.8199978544076
336.900927596499	-69.2484268615614	-88.9779194105869
336.901753933918	-69.2984200186786	-89.1268633148468
336.902453723673	-69.3484151087422	-89.2679792787117
336.903033791983	-69.3984117325607	-89.4012673021819
336.903500966386	-69.4484095400037	-89.5267273852571
336.903862075483	-69.4984082272066	-89.6443595279375
336.90412394872	-69.5484075337736	-89.754163730223
336.904293416188	-69.5984072399804	-89.8561399921136
336.90437730846	-69.6484071639753	-89.9502883136094
336.904382456454	-69.698407158981	-90.0366086947103
336.904315691314	-69.7484071104945	-90.1151011354163
336.904183844317	-69.7984069334883	-90.1857656357274
336.9039937468	-69.8484065696099	-90.2486021956437
336.903752230105	-69.8984059843824	-90.3036108151651
336.903466125537	-69.9484051644041	-90.3507914942916
336.903142264344	-69.9984041145489	-90.3901442330232
336.902787477703	-70.0484028551661	-90.42166903136
336.902408596715	-70.0984014192804	-90.4453658893019
336.902012452418	-70.1483998497923	-90.4612348068489
336.901605875797	-70.1983981966778	-90.4692757840011
336.901195697803	-70.248396514189	-90.4694888207584
336.900788749375	-70.2983948580538	-90.4618739171208
336.900391861463	-70.3483932826769	-90.4464310730883
336.900011865049	-70.398391838339	-90.423160288661
336.89964630681	-70.448390501959	-90.415272543436
336.899287069386	-70.4983892113939	-90.4080492895607
336.898934126851	-70.5483879656611	-90.4008453561838
336.898587462349	-70.5983867638512	-90.3936607433053
336.898247059028	-70.6483856050609	-90.3864954509252
336.897912900031	-70.6983844883937	-90.3793494790436
336.897584968504	-70.7483834129591	-90.3722228276603
336.897263247593	-70.7983823778728	-90.3651154967754
336.896947720442	-70.8483813822572	-90.358027486389
336.896638370196	-70.8983804252406	-90.350958796501
336.89633518	-70.9483795059576	-90.3439094271114
336.896038132998	-70.9983786235493	-90.3368793782202
336.895747212336	-71.0483777771626	-90.3298686498274
336.895462401157	-71.0983769659509	-90.322877241933
336.895183682605	-71.1483761890737	-90.315905154537
336.894911039824	-71.1983754456967	-90.3089523876395
336.894644455959	-71.2483747349915	-90.3020189412403
336.894383914154	-71.2983740561363	-90.2951048153396
336.894129397551	-71.3483734083149	-90.2882100099373
336.893880889295	-71.3983727907175	-90.2813345250334
336.893638372529	-71.4483722025404	-90.2744783606279
336.893401830397	-71.4983716429858	-90.2676415167208
336.893171246041	-71.5483711112621	-90.2608239933121
336.892946602605	-71.5983706065835	-90.2540257904019
336.892727883232	-71.6483701281704	-90.24724690799
336.892515071064	-71.6983696752491	-90.2404873460766
336.892308149245	-71.7483692470521	-90.2337471046615
336.892107100917	-71.7983688428175	-90.2270261837449
336.891911909223	-71.8483684617895	-90.2203245833267
336.891722557306	-71.8983681032184	-90.2136423034069
336.891539028307	-71.9483677663602	-90.2069793439856
336.891361305369	-71.9983674504767	-90.2003357050626
336.891189371634	-72.0483671548359	-90.193711386638
336.891023210244	-72.0983668787114	-90.1871063887119
336.890862804341	-72.1483666213827	-90.1805207112841
336.890708137068	-72.1983663821351	-90.1739543543548
336.890559191565	-72.2483661602598	-90.1674073179239
336.890415950975	-72.2983659550536	-90.1608796019914
336.890278398439	-72.3483657658194	-90.1543712065573
336.890146517099	-72.3983655918655	-90.1478821316216
336.890020290096	-72.4483654325061	-90.1414123771844
336.889899700572	-72.4983652870611	-90.1349619432455
336.889784731667	-72.5483651548562	-90.1285308298051
336.889675366523	-72.5983650352227	-90.122119036863
336.889571588281	-72.6483649274974	-90.1157265644194
336.889473380083	-72.698364831023	-90.1093534124742
336.889380725068	-72.7483647451478	-90.1029995810274
336.889293606378	-72.7983646692256	-90.096665070079
336.889212007154	-72.8483646026159	-90.0903498796291
336.889135910536	-72.8983645446838	-90.0840540096775
336.889065299665	-72.9483644947998	-90.0777774602244
336.889000157681	-72.9983644523401	-90.0715202312696
336.888940467725	-73.0483644166865	-90.0652823228133
336.888886212938	-73.0983643872262	-90.0590637348554
336.88883737646	-73.1483643633517	-90.0528644673959
336.88879394143	-73.1983643444615	-90.0466845204348
336.88875589099	-73.248364329959	-90.0405238939721
336.888723208278	-73.2983643192535	-90.0343825880078
336.888695876437	-73.3483643117594	-90.028260602542
336.888673878604	-73.3983643068967	-90.0221579375745
336.888657197921	-73.4483643040908	-90.0160745931055
336.888645817527	-73.4983643027723	-90.0100105691349
336.888639720562	-73.5483643023774	-90.0039658656627
336.888638890165	-73.5983643023475	-89.9979404826889
336.888643309478	-73.6483643021293	-89.9919344202135
336.888652961638	-73.6983643011749	-89.9859476782365
336.888667829785	-73.7483642989417	-89.9799802567579
336.88868789706	-73.7983642948923	-89.9740321557778
336.888713146602	-73.8483642884946	-89.968103375296
336.888743561549	-73.8983642792217	-89.9621939153127
336.888779125042	-73.9483642665521	-89.9563037758278
336.88881982022	-73.9983642499692	-89.9504329568413
336.888865630222	-74.0483642289619	-89.9445814583532
336.888916538186	-74.0983642030241	-89.9387492803635
336.888972527254	-74.1483641716549	-89.9329364228722
336.889033580562	-74.1983641343585	-89.9271428858794
336.889099681251	-74.2483640906443	-89.9213686693849
336.88917081246	-74.2983640400268	-89.9156137733889
336.889246957328	-74.3483639820255	-89.9098781978913
336.889328098993	-74.398363916165	-89.9041619428921
336.889414220594	-74.448363841975	-89.8984650083912
336.88950530527	-74.4983637589903	-89.8927873943889
336.889601336161	-74.5483636667506	-89.8871291008849
336.889702296404	-74.5983635648006	-89.8814901278793
336.88980816914	-74.6483634526901	-89.8758704753722
336.889918937505	-74.6983633299737	-89.8702701433634
336.890034584639	-74.7483631962112	-89.8646891318531
336.890155093681	-74.7983630509671	-89.8591274408412
336.890280447769	-74.8483628938108	-89.8535850703276
336.890410630042	-74.8983627243169	-89.8480620203126
336.890545623639	-74.9483625420647	-89.8425582907959
336.890685411696	-74.9983623466382	-89.8370738817776
336.890829977355	-75.0483621376265	-89.8316087932577
336.890979303752	-75.0983619146235	-89.8261630252363
336.891133374026	-75.1483616772277	-89.8207365777132
336.891292171316	-75.1983614250427	-89.8153294506886
336.891455678759	-75.2483611576768	-89.8099416441624
336.891623879495	-75.2983608747428	-89.8045731581346
336.891796756661	-75.3483605758586	-89.7992239926052
336.891974293396	-75.3983602606466	-89.7938941475742
336.892156472838	-75.4483599287341	-89.7885836230416
336.892343278125	-75.498359579753	-89.7832924190075
336.892534692396	-75.5483592133398	-89.7780205354717
336.892730698788	-75.5983588291357	-89.7727679724344
336.89293128044	-75.6483584267868	-89.7675347298955
336.89313642049	-75.6983580059433	-89.762320807855
336.893346102076	-75.7483575662606	-89.7571262063129
336.893560308337	-75.7983571073983	-89.7519509252692
336.893779022409	-75.8483566290207	-89.7467949647239
336.894002227432	-75.8983561307966	-89.741658324677
336.894229906544	-75.9483556123995	-89.7365410051286
336.894462042882	-75.9983550735073	-89.7314430060785
336.894698619584	-76.0483545138025	-89.7263643275269
336.894939619789	-76.0983539329719	-89.7213049694737
336.895185026635	-76.1483533307069	-89.7162649319189
336.895434823259	-76.1983527067035	-89.7112442148625
336.895688992799	-76.2483520606619	-89.7062428183045
336.895947518394	-76.2983513922868	-89.7012607422449
336.896210383181	-76.3483507012875	-89.6962979866837
336.896477570299	-76.3983499873773	-89.691354551621
336.896749062885	-76.4483492502742	-89.6864304370567
336.897024844077	-76.4983484897005	-89.6815256429907
336.897304897013	-76.5483477053828	-89.6766401694232
336.897589204831	-76.5983468970518	-89.6717740163541
336.89787775067	-76.648346064443	-89.6669271837834
336.898170517666	-76.6983452072957	-89.6620996717111
336.898467488958	-76.7483443253538	-89.6572914801373
336.898768647683	-76.7983434183652	-89.6525026090618
336.89907397698	-76.8483424860823	-89.6477330584847
336.899383459986	-76.8983415282615	-89.6429828284061
336.89969707984	-76.9483405446635	-89.6382519188259
336.900014819679	-76.9983395350531	-89.6335403297441
336.900336662641	-77.0483384991995	-89.6288480611607
336.900662591864	-77.0983374368758	-89.6241751130757
336.900992590485	-77.1483363478593	-89.6195214854891
336.901326641644	-77.1983352319314	-89.6148871784009
336.901664728476	-77.2483340888778	-89.6102721918112
336.902006834122	-77.298332918488	-89.6056765257199
336.902352941717	-77.3483317205556	-89.6011001801269
336.902703034401	-77.3983304948786	-89.5965431550324
336.90305709531	-77.4483292412585	-89.5920054504363
336.903415107584	-77.4983279595012	-89.5874870663386
336.90377705436	-77.5483266494165	-89.5829880027393
336.904142918775	-77.5983253108182	-89.5785082596385
336.904512683968	-77.6483239435239	-89.574047837036
336.904886333076	-77.6983225473553	-89.5696067349319
336.905263849238	-77.7483211221381	-89.5651849533263
336.905645215591	-77.7983196677016	-89.5607824922191
336.906030415274	-77.8483181838795	-89.5563993516103
336.906419431424	-77.8983166705088	-89.5520355314999
336.906812247178	-77.9483151274309	-89.5476910318879
336.907208845676	-77.9983135544906	-89.5433658527743
336.907609210055	-78.0483119515368	-89.5390599941591
336.908013323453	-78.0983103184221	-89.5347734560423
336.908421169009	-78.1483086550029	-89.530506238424
336.908832729859	-78.1983069611394	-89.5262583413041
336.909247989142	-78.2483052366956	-89.5220297646826
336.909666929995	-78.2983034815391	-89.5178205085594
336.910089535558	-78.3483016955415	-89.5136305729347
336.910515788968	-78.3982998785777	-89.5094599578085
336.910945673363	-78.4482980305267	-89.5053086631806
336.911379171881	-78.4982961512709	-89.5011766890511
336.911816267661	-78.5482942406965	-89.4970640354201
336.912256943839	-78.5982922986932	-89.4929707022874
336.912701183555	-78.6482903251544	-89.4888966896532
336.913148969946	-78.6982883199773	-89.4848419975174
336.913600286151	-78.7482862830623	-89.48080662588
336.914055115308	-78.7982842143136	-89.476790574741
336.914513440554	-78.848282113639	-89.4727938441004
336.914975245029	-78.8982799809498	-89.4688164339582
336.915440511869	-78.9482778161607	-89.4648583443145
336.915909224214	-78.9982756191899	-89.4609195751691
336.916381365202	-79.0482733899594	-89.4570001265222
336.91685691797	-79.0982711283942	-89.4530999983736
336.917335865657	-79.1482688344231	-89.4492191907235
336.917818191402	-79.1982665079783	-89.4453577035718
336.918303878342	-79.2482641489953	-89.4415155369185
336.918792909616	-79.2982617574129	-89.4376926907637
336.919285268363	-79.3482593331736	-89.4338891651072
336.91978093772	-79.3982568762231	-89.4301049599491
336.920279900825	-79.4482543865103	-89.4263400752895
336.920782140818	-79.4982518639876	-89.4225945111283
336.921287640837	-79.5482493086108	-89.4188682674654
336.92179638402	-79.5982467203388	-89.415161344301
336.922308353505	-79.648244099134	-89.411473741635
336.922823532431	-79.6982414449617	-89.4078054594674
336.923341903937	-79.7482387577909	-89.4041564977983
336.92386345116	-79.7982360375935	-89.4005268566275
336.92438815724	-79.8482332843447	-89.3969165359551
336.924916005315	-79.898230498023	-89.3933255357812
336.925446978523	-79.9482276786099	-89.3897538561057
336.925981060003	-79.9982248260903	-89.3862014969285
336.926518232894	-80.0482219404519	-89.3826684582499
336.927058480334	-80.0982190216859	-89.3791547400696
336.927601785462	-80.1482160697864	-89.3756603423877
336.928148131417	-80.1982130847506	-89.3721852652042
336.928697501337	-80.2482100665788	-89.3687295085191
336.92924987836	-80.2982070152745	-89.3652930723325
336.929805245627	-80.3482039308439	-89.3618759566443
336.930363586274	-80.3982008132966	-89.3584781614544
336.930924883442	-80.448197662645	-89.355099686763
336.931489120269	-80.4981944789045	-89.35174053257
336.932056279894	-80.5481912620936	-89.3484006988754
336.932626345456	-80.5981880122335	-89.3450801856793
336.933199300092	-80.6481847293487	-89.3417789929815
336.933775126944	-80.6981814134662	-89.3384971207821
336.934353809148	-80.7481780646164	-89.3352345690812
336.934935329845	-80.7981746828321	-89.3319913378786
336.935519672173	-80.8481712681494	-89.3287674271745
336.936106819271	-80.8981678206069	-89.3255628369688
336.936696754279	-80.9481643402462	-89.3223775672615
336.937289460334	-80.9981608271117	-89.3192116180526
336.937884920577	-81.0481572812507	-89.3160649893422
336.938483118147	-81.0981537027131	-89.3129376811301
336.939084036181	-81.1481500915517	-89.3098296934164
336.939687657821	-81.198146447822	-89.3067410262012
336.940293966204	-81.2481427715824	-89.3036716794844
336.94090294447	-81.2981390628936	-89.300621653266
336.941514575759	-81.3481353218195	-89.297590947546
336.942128843208	-81.3981315484264	-89.2945795623244
336.942745729959	-81.4481277427832	-89.2915874976012
336.943365219149	-81.4981239049618	-89.2886147533764
336.943987293919	-81.5481200350363	-89.2856613296501
336.944611937407	-81.5981161330837	-89.2827272264221
336.945239132753	-81.6481121991835	-89.2798124436926
336.945868863097	-81.6981082334179	-89.2769169814615
336.946501111577	-81.7481042358714	-89.2740408397287
336.947135861334	-81.7981002066313	-89.2711840184944
336.947773095506	-81.8480961457874	-89.2683465177586
336.948412797233	-81.8980920534319	-89.2655283375211
336.949054949655	-81.9480879296595	-89.262729477782
336.949699535912	-81.9980837745676	-89.2599499385414
336.950346539142	-82.0480795882557	-89.2571897197991
336.950995942485	-82.098075370826	-89.2544488215553
336.951647729082	-82.1480711223832	-89.2517272438099
336.952301882071	-82.1980668430341	-89.2490249865629
336.952958384592	-82.2480625328881	-89.2463420498143
336.953617219786	-82.2980581920571	-89.2436784335641
336.954278370791	-82.348053820655	-89.2410341378123
336.954941820748	-82.3980494187984	-89.238409162559
336.955607552796	-82.4480449866061	-89.235803507804
336.956275550075	-82.4980405241991	-89.2332171735475
336.956945795724	-82.5480360317007	-89.2306501597893
336.957618272885	-82.5980315092368	-89.2281024665296
336.958292964697	-82.6480269569351	-89.2255740937683
336.958969854298	-82.6980223749258	-89.2230650415054
336.959648924831	-82.7480177633413	-89.2205753097409
336.960330159434	-82.7980131223162	-89.2181048984749
336.961013541247	-82.8480084519873	-89.2156538077072
336.96169905341	-82.8980037524934	-89.213222037438
336.962386679064	-82.9479990239757	-89.2108095876671
336.963076401349	-82.9979942665774	-89.2084164583947
336.963768203404	-83.0479894804439	-89.2060426496207
336.96446206837	-83.0979846657227	-89.2036881613451
336.965157979387	-83.1479798225632	-89.2013529935679
336.965855919595	-83.1979749511172	-89.1990371462891
336.966555872134	-83.2479700515382	-89.1967406195088
336.967257820144	-83.297965123982	-89.1944634132268
336.967961746766	-83.3479601686063	-89.1922055274433
336.96866763514	-83.3979551855709	-89.1899669621582
336.969375468406	-83.4479501750374	-89.1877477173714
336.970085229705	-83.4979451371695	-89.1855477930831
336.970796902176	-83.5479400721329	-89.1833671892932
336.971510468961	-83.5979349800951	-89.1812059060017
336.972225913199	-83.6479298612255	-89.1790639432087
336.972943218031	-83.6979247156957	-89.176941300914
336.973662366598	-83.7479195436788	-89.1748379791178
336.97438334204	-83.7979143453499	-89.1727539778199
336.975106127497	-83.8479091208861	-89.1706892970205
336.97583070611	-83.8979038704661	-89.1686439367195
336.976557061019	-83.9478985942706	-89.1666178969169
336.977285175365	-83.9978932924819	-89.1646111776127
336.978015032289	-84.0478879652843	-89.1626237788069
336.978746614931	-84.0978826128637	-89.1606557004995
336.979479906432	-84.1478772354079	-89.1587069426906
336.980214889932	-84.1978718331062	-89.15677750538
336.980951548572	-84.2478664061499	-89.1548673885679
336.981689865494	-84.2978609547317	-89.1529765922542
336.982429823836	-84.3478554790461	-89.1511051164389
336.983171406741	-84.3978499792894	-89.149252961122
336.983914597349	-84.4478444556594	-89.1474201263035
336.984659378801	-84.4978389083555	-89.1456066119834
336.985405734237	-84.5478333375787	-89.1438124181618
336.986153646799	-84.5978277435318	-89.1420375448385
336.986903099627	-84.6478221264189	-89.1402819920137
336.987654075863	-84.6978164864458	-89.1385457596872
336.988406558646	-84.7478108238199	-89.1368288478592
336.989160531118	-84.79780513875	-89.1351312565296
336.989915976421	-84.8477994314464	-89.1334529856984
336.990672877694	-84.897793702121	-89.1317940353656
336.991431218079	-84.9477879509872	-89.1301544055313
336.992190980717	-84.9977821782596	-89.1285340961953
336.992952148749	-85.0477763841545	-89.1269331073577
336.993714705316	-85.0977705688896	-89.1253514390186
336.994478633559	-85.1477647326838	-89.1237890911779
336.995243916619	-85.1977588757577	-89.1222460638356
336.996010537637	-85.2477529983329	-89.1207223569917
336.996778479754	-85.2977471006327	-89.1192179706462
336.997547726112	-85.3477411828815	-89.1177329047991
336.998318259852	-85.3977352453051	-89.1162671594504
336.999090064114	-85.4477292881307	-89.1148207346002
336.999863122041	-85.4977233115867	-89.1133936302483
337.000637416772	-85.5477173159026	-89.1119858463949
337.001412931451	-85.5977113013095	-89.1105973830399
337.002189649216	-85.6477052680394	-89.1092282401833
337.002967553211	-85.6976992163258	-89.1078784178251
337.003746626577	-85.7476931464031	-89.1065479159653
337.004526852453	-85.7976870585072	-89.1052367346039
337.005308213983	-85.847680952875	-89.103944873741
337.006090694307	-85.8976748297444	-89.1026723333764
337.006874276567	-85.9476686893548	-89.1014191135103
337.007658943903	-85.9976625319464	-89.1001852141425
337.008444679459	-86.0476563577606	-89.0989706352732
337.009231466374	-86.09765016704	-89.0977753769023
337.01001928779	-86.147643960028	-89.0965994390298
337.010808126849	-86.1976377369693	-89.0954428216558
337.011597966692	-86.2476314981094	-89.0943055247801
337.012388790461	-86.2976252436951	-89.0931875484028
337.013180581297	-86.347618973974	-89.092088892524
337.013973322341	-86.3976126891946	-89.0910095571435
337.014766996736	-86.4476063896066	-89.0899495422615
337.015561587623	-86.4976000754605	-89.0889088478779
337.016357078143	-86.5475937470077	-89.0878874739927
337.017153451437	-86.5975874045005	-89.0868854206059
337.017950690648	-86.6475810481923	-89.0859026877175
337.018748778917	-86.6975746783371	-89.0849392753276
337.019547699386	-86.7475682951899	-89.083995183436
337.020347435196	-86.7975618990066	-89.0830704120429
337.021147969488	-86.8475554900438	-89.0821649611481
337.021949285406	-86.8975490685589	-89.0812788307518
337.022751366089	-86.9475426348103	-89.0804120208539
337.02355419468	-86.9975361890569	-89.0795645314544
337.024357754321	-87.0475297315585	-89.0787363625533
337.025162028153	-87.0975232625756	-89.0779275141507
337.025966999318	-87.1475167823696	-89.0771379862464
337.026772650957	-87.1975102912022	-89.0763677788405
337.027578966213	-87.2475037893362	-89.0756168919331
337.028385928227	-87.2974972770348	-89.0748853255241
337.029193520141	-87.3474907545621	-89.0741730796135
337.030001725097	-87.3974842221825	-89.0734801542013
337.030810526235	-87.4474776801614	-89.0728065492875
337.0316199067	-87.4974711287646	-89.0721522648721
337.03242984963	-87.5474645682584	-89.0715173009551
337.03324033817	-87.5974579989099	-89.0709016575366
337.03405135546	-87.6474514209865	-89.0703053346164
337.034862884643	-87.6974448347564	-89.0697283321947
337.03567490886	-87.7474382404881	-89.0691706502714
337.036487411253	-87.7974316384506	-89.0686322888464
337.037300374963	-87.8474250289136	-89.0681132479199
337.038113783134	-87.8974184121471	-89.0676135274919
337.038927618906	-87.9474117884216	-89.0671331275622
337.039741865421	-87.997405158008	-89.0666720481309
337.040556505822	-88.0473985211776	-89.0662302891981
337.04137152325	-88.0973918782021	-89.0658078507636
337.042186900846	-88.1473852293537	-89.0654047328276
337.043002621754	-88.1973785749047	-89.06502093539
337.043818669115	-88.2473719151282	-89.0646564584508
337.04463502607	-88.2973652502971	-89.06431130201
337.045451675762	-88.347358580685	-89.0639854660676
337.046268601333	-88.3973519065657	-89.0636789506236
337.047085785923	-88.447345228213	-89.0633917556781
337.047903212677	-88.4973385459015	-89.0631238812309
337.048720864734	-88.5473318599056	-89.0628753272822
337.049538725238	-88.5973251705	-89.0626460938318
337.05035677733	-88.6473184779598	-89.0624361808799
337.051175004152	-88.6973117825602	-89.0622455884264
337.051993388846	-88.7473050845765	-89.0620743164713
337.052811914553	-88.7972983842842	-89.0619223650147
337.053630564417	-88.8472916819589	-89.0617897340564
337.054449321579	-88.8972849778766	-89.0616764235965
337.05526816918	-88.947278272313	-89.0615824336351
337.056087090363	-88.9972715655442	-89.0615077641721
337.056906068269	-89.0472648578461	-89.0614524152074
337.057725086041	-89.097258149495	-89.0614163867412
337.058544126821	-89.1472514407669	-89.0613996787734
337.05936317375	-89.1972447319381	-89.061402291304
337.060182209971	-89.2472380232848	-89.0614242243331
337.061001218625	-89.297231315083	-89.0614654778605
337.061820182854	-89.347224607609	-89.0615260518863
337.0626390858	-89.3972179011389	-89.0616059464106
337.063457910606	-89.4472111959487	-89.0617051614333
337.064276640413	-89.4972044923143	-89.0618236969544
337.065095258362	-89.5471977905116	-89.0619615529739
337.065913747597	-89.5971910908165	-89.0621187294918
337.066732091259	-89.6471843935044	-89.0622952265081
337.06755027249	-89.697177698851	-89.0624910440228
337.068368274432	-89.7471710071314	-89.0627061820359
337.069186080226	-89.7971643186208	-89.0629406405475
337.070003673015	-89.8471576335942	-89.0631944195575
337.070821035941	-89.8971509523262	-89.0634675190658
337.071638152145	-89.9471442750914	-89.0637599390726
337.072455004769	-89.997137602164	-89.0640716795778
337.073271576956	-90.0471309338179	-89.0644027405814
337.074087851847	-90.0971242703268	-89.0647531220834
337.074903812585	-90.1471176119641	-89.0651228240839
337.07571944231	-90.197110959003	-89.0655118465827
337.076534724166	-90.247104311716	-89.06592018958
337.077349641293	-90.2970976703755	-89.0663478530757
337.078164176834	-90.3470910352537	-89.0667948370697
337.07897831393	-90.3970844066221	-89.0672611415622
337.079792035724	-90.4470777847518	-89.0677467665531
337.080605325357	-90.4970711699139	-89.0682517120424
337.081418165971	-90.5470645623785	-89.0687759780302
337.082230540709	-90.5970579624155	-89.0693195645163
337.083042432711	-90.6470513702945	-89.0698824715008
337.08385382512	-90.6970447862844	-89.0704646989838
337.084664701077	-90.7470382106536	-89.0710662469652
337.085475043725	-90.7970316436701	-89.071687115445
337.086284836205	-90.8470250856011	-89.0723273044232
337.087094061658	-90.8970185367137	-89.0729868138998
337.087902703228	-90.9470119972738	-89.0736656438748
337.088710744054	-90.9970054675474	-89.0743637943482
337.08951816728	-91.0469989477994	-89.0750812653201
337.090324956047	-91.0969924382941	-89.0758180567903
337.091131093497	-91.1469859392955	-89.076574168759
337.091936562771	-91.1969794510667	-89.0773496012261
337.092741347011	-91.24697297387	-89.0781443541916
337.09354542936	-91.2969665079673	-89.0789584276554
337.094348792958	-91.3469600536196	-89.0797918216178
337.095151420947	-91.3969536110872	-89.0806445360785
337.095953296469	-91.4469471806296	-89.0815165710376
337.096754402666	-91.4969407625058	-89.0824079264952
337.097554722679	-91.5469343569738	-89.0833186024511
337.09835423965	-91.5969279642907	-89.0842485989055
337.09915293672	-91.646921584713	-89.0851979158583
337.099950797032	-91.6969152184964	-89.0861665533095
